[Analysis Information]

Results File : C:\Users\aordy\OneDrive\Documents\Projects\ARTS\2_studies\1_size_vs_shape\2_explorative\2_3_data_shape\pca_202102\1_symm\30specimens_clean_s.pcr
Analyzed NEF File : C:\Users\aordy\OneDrive\Documents\Projects\ARTS\2_studies\1_size_vs_shape\2_explorative\2_3_data_shape\nef\30specimens_clean.nef
Title of NEF File Data : 
Analyzed Date : Wed Feb 17 09:53:48 2021
Method of Analysis : Covariance
Number of Data : 511
Number of Harmonics : 20
Number of Analyzed Harmonics : 20
Constant Coefficient(s) : a1 b1 c1 
Number of Principal Components : 39
( = Number of Analyzed Coefficients (NAC) )
Number of Effective Principal Components : 1
( = Number of Principal Components whose proportion is larger than 1 / NAC )
Analyzed Coefficients : d1 a2 d2 a3 d3 a4 d4 a5 d5 a6 d6 a7 d7 a8 d8 a9 d9 a10 d10 a11 d11 a12 d12 a13 d13 a14 d14 a15 d15 a16 d16 a17 d17 a18 d18 a19 d19 a20 d20 

[Mean of Coefficients]

		a             	b             	c             	d             
	1	 1,000000E+000	 1,263782E-016	-3,734673E-018	 3,070602E-001
	2	 1,361297E-003	 2,090991E-003	 1,338582E-002	-5,854763E-005
	3	 9,395016E-002	-4,459446E-004	-6,263755E-003	 5,042371E-002
	4	 7,781366E-004	 2,946631E-003	-1,177751E-004	-1,454233E-003
	5	 2,797201E-002	-9,373943E-004	-2,115309E-003	 1,534613E-002
	6	 5,130133E-004	 1,891419E-003	-1,176200E-004	-1,021778E-003
	7	 1,178264E-002	-9,072109E-004	-7,470000E-004	 7,492260E-003
	8	 5,051001E-004	 8,787184E-004	-1,939514E-004	-3,747822E-004
	9	 6,130221E-003	-6,319138E-004	-2,283558E-004	 4,323160E-003
	10	 3,905229E-004	 4,380972E-004	-4,236218E-004	-1,064038E-004
	11	 3,585807E-003	-4,282116E-004	 3,508138E-006	 2,723634E-003
	12	 3,110428E-004	 2,707489E-004	-9,514546E-005	 5,387947E-006
	13	 2,221389E-003	-3,265225E-004	 8,800142E-005	 1,718254E-003
	14	 2,599638E-004	 1,741102E-004	-1,006930E-004	 1,357565E-004
	15	 1,452131E-003	-2,448715E-004	 1,619814E-004	 1,031626E-003
	16	 2,221451E-004	 1,143934E-004	-1,121738E-006	-6,555344E-006
	17	 1,020456E-003	-1,930738E-004	 5,258426E-005	 8,133615E-004
	18	 1,489026E-004	 9,164047E-005	-7,167227E-005	 2,212783E-004
	19	 7,223067E-004	-1,582212E-004	 7,126863E-005	 5,992866E-004
	20	 9,912295E-005	 3,433446E-005	-1,464702E-005	 1,777444E-004

[Std of Coefficients]

		a             	b             	c             	d             
	1	Constant      	Constant      	Constant      	 1,558015E-001
	2	 5,111754E-003	 6,593803E-003	 4,307716E-002	 7,001668E-003
	3	 1,693712E-002	 4,428227E-003	 1,148156E-002	 2,496380E-002
	4	 2,574334E-003	 5,596180E-003	 1,092760E-002	 4,339619E-003
	5	 1,159225E-002	 2,423253E-003	 4,745037E-003	 6,091811E-003
	6	 1,533569E-003	 2,993163E-003	 3,747958E-003	 2,437277E-003
	7	 7,360838E-003	 1,780143E-003	 2,660736E-003	 4,685921E-003
	8	 1,264732E-003	 1,854761E-003	 2,231277E-003	 1,955939E-003
	9	 4,529971E-003	 1,363821E-003	 1,843182E-003	 3,135224E-003
	10	 9,872170E-004	 1,523556E-003	 1,750182E-003	 1,471025E-003
	11	 2,995080E-003	 1,130367E-003	 1,438072E-003	 2,258754E-003
	12	 8,401874E-004	 1,150911E-003	 1,447057E-003	 1,342892E-003
	13	 2,157976E-003	 9,736986E-004	 1,169113E-003	 1,684549E-003
	14	 8,085186E-004	 8,732588E-004	 1,241081E-003	 1,273145E-003
	15	 1,616912E-003	 7,823871E-004	 1,148418E-003	 1,526592E-003
	16	 7,644010E-004	 8,063301E-004	 1,122176E-003	 1,115109E-003
	17	 1,255895E-003	 7,025866E-004	 1,062475E-003	 1,225459E-003
	18	 6,427997E-004	 6,988913E-004	 1,033147E-003	 1,017312E-003
	19	 1,038929E-003	 6,574302E-004	 1,005774E-003	 1,099596E-003
	20	 5,599740E-004	 6,543647E-004	 9,682155E-004	 8,930300E-004

[Eigenvalue and Proportion]

		Eigenvalue	Proportion(%)	Cumulative(%)	> 1/39
	Prin1	 2,528782E-002	       98,7009	       98,7009	*
	Prin2	 1,144645E-004	        0,4468	       99,1476	
	Prin3	 5,670100E-005	        0,2213	       99,3689	
	Prin4	 4,835164E-005	        0,1887	       99,5577	
	Prin5	 2,753695E-005	        0,1075	       99,6651	
	Prin6	 2,075473E-005	        0,0810	       99,7461	
	Prin7	 1,335114E-005	        0,0521	       99,7983	
	Prin8	 6,935336E-006	        0,0271	       99,8253	
	Prin9	 5,983996E-006	        0,0234	       99,8487	
	Prin10	 5,425824E-006	        0,0212	       99,8699	
	Prin11	 3,873624E-006	        0,0151	       99,8850	
	Prin12	 3,551089E-006	        0,0139	       99,8988	
	Prin13	 3,027458E-006	        0,0118	       99,9107	
	Prin14	 2,440169E-006	        0,0095	       99,9202	
	Prin15	 2,175237E-006	        0,0085	       99,9287	
	Prin16	 1,859414E-006	        0,0073	       99,9359	
	Prin17	 1,747153E-006	        0,0068	       99,9427	
	Prin18	 1,672603E-006	        0,0065	       99,9493	
	Prin19	 1,420731E-006	        0,0055	       99,9548	
	Prin20	 1,327876E-006	        0,0052	       99,9600	
	Prin21	 1,299701E-006	        0,0051	       99,9651	
	Prin22	 1,276292E-006	        0,0050	       99,9701	
	Prin23	 1,099570E-006	        0,0043	       99,9743	
	Prin24	 9,963870E-007	        0,0039	       99,9782	
	Prin25	 8,950624E-007	        0,0035	       99,9817	
	Prin26	 8,312211E-007	        0,0032	       99,9850	
	Prin27	 6,717211E-007	        0,0026	       99,9876	
	Prin28	 6,456191E-007	        0,0025	       99,9901	
	Prin29	 4,808042E-007	        0,0019	       99,9920	
	Prin30	 4,079789E-007	        0,0016	       99,9936	
	Prin31	 3,558390E-007	        0,0014	       99,9950	
	Prin32	 2,908632E-007	        0,0011	       99,9961	
	Prin33	 2,201457E-007	        0,0009	       99,9970	
	Prin34	 1,894047E-007	        0,0007	       99,9977	
	Prin35	 1,742054E-007	        0,0007	       99,9984	
	Prin36	 1,366054E-007	        0,0005	       99,9989	
	Prin37	 1,040029E-007	        0,0004	       99,9993	
	Prin38	 9,424361E-008	        0,0004	       99,9997	
	Prin39	 7,849311E-008	        0,0003	      100,0000	

	Total Variance :	2,562067E-002

